45
154
484
540
794
120
354
195
713
468
895
778
931
843
806
947
427
963
182
616
419
188
717
479
67
883
743
588
489
51
549
844
137
478
484
282
44
708
244
190
417
362
686
812
217
554
921
36
738
347
993
148
123
464
664
4
310
888
545
177
989
276
166
622
711
850
811
383
428
947
312
479
408
968
638
497
153
694
141
736
355
376
510
798
286
943
655
690
598
54
546
308
673
389
540
158
804
864
822
968
668
464
351
626
100
769
913
250
790
284
669
259
259
481
356
752
54
142
466
921
943
898
120
338
345
36
674
197
920
928
19
665
291
706
300
541
401
375
995
208
684
220
886
39
755
76
803
408
237
339
12
242
846
882
125
855
