42
136
427
287
898
430
55
323
732
634
192
865
589
814
880
263
632
805
7
865
845
303
992
140
5
130
834
597
601
906
245
622
959
268
965
244
899
210
786
870
976
231
135
126
732
868
372
776
969
522
974
705
883
575
535
210
970
392
347
963
766
310
455
284
887
76
108
740
226
812
726
173
316
31
811
776
516
597
874
253
18
962
102
233
449
845
823
889
27
182
36
766
502
852
792
884
950
236
94
144
618
694
933
120
621
619
816
702
313
320
266
200
364
560
222
627
252
636
751
955
713
190
698
6
274
881
833
300
45
696
971
771
887
969
105
587
200
321
