42
104
672
77
462
542
513
368
354
910
315
437
513
170
349
375
712
37
304
352
116
822
591
723
607
318
251
138
282
70
186
946
617
299
383
515
937
148
456
666
57
525
244
639
660
179
268
234
41
440
571
562
763
56
621
94
279
760
450
525
172
636
91
37
248
645
445
439
614
635
689
720
177
351
772
142
730
247
899
322
587
789
813
739
246
869
740
28
769
690
461
779
658
491
840
876
595
92
222
10
316
251
826
106
730
732
