36
120
306
341
6
114
234
789
20
720
351
677
963
916
674
830
978
33
232
500
827
285
196
419
932
603
214
258
849
153
785
510
201
619
622
88
296
351
970
972
326
510
951
454
906
359
838
360
99
312
581
338
111
37
726
377
685
686
312
706
133
10
125
782
363
294
613
377
8
854
460
926
328
43
141
946
201
599
657
893
814
768
317
350
161
310
368
738
828
468
143
40
166
93
479
629
424
828
707
645
476
487
708
937
80
889
189
373
879
603
938
745
910
212
317
249
909
821
394
239
53
880
