36
184
928
976
696
97
662
369
802
367
145
816
857
558
845
997
530
39
153
924
241
995
238
351
283
592
677
380
659
352
666
932
737
34
638
528
548
301
215
714
830
715
46
606
995
843
607
372
22
321
49
857
206
579
448
911
673
160
207
504
613
942
629
165
121
25
85
123
317
878
830
519
151
484
676
280
266
34
674
747
580
839
375
160
160
218
136
33
848
922
102
849
874
231
442
557
231
467
45
197
747
34
735
827
924
470
376
225
49
47
310
597
374
858
135
339
92
103
125
166
36
593
926
592
546
711
250
758
572
884
950
105
854
610
935
523
901
169
151
695
270
437
109
387
574
780
38
224
364
213
904
386
346
106
618
256
299
658
517
237
981
931
715
451
354
881
305
656
767
553
200
158
23
367
376
92
627
648
157
363
12
552
802
274
937
769
