40
118
674
542
683
359
147
391
12
384
495
281
659
830
472
708
886
616
234
572
2
678
640
149
451
377
167
348
928
216
61
591
839
205
77
526
704
839
346
698
415
818
863
90
20
941
63
840
937
678
522
229
94
434
970
455
116
677
434
995
139
553
321
904
637
572
168
1000
714
907
53
569
176
520
836
86
411
623
429
685
611
481
489
624
394
555
32
657
744
85
991
197
1000
807
680
268
365
964
372
887
707
395
690
318
117
259
241
344
373
381
524
587
830
784
513
184
29
391
843
880
