28
151
54
374
360
297
887
561
465
356
10
201
843
189
437
663
16
429
468
486
583
962
534
446
938
379
776
341
877
967
954
817
509
356
354
128
665
923
904
131
812
933
584
64
146
835
345
632
275
235
838
938
681
846
346
497
681
938
264
954
326
524
458
110
906
453
296
693
105
383
919
998
383
855
566
154
899
841
259
430
786
505
164
829
705
597
324
951
826
542
810
974
81
906
543
546
27
221
602
42
677
502
127
672
517
352
206
942
132
785
42
536
551
572
380
454
77
438
201
780
882
693
152
606
567
117
520
492
581
113
502
818
579
319
995
815
255
111
867
34
321
426
828
948
273
249
276
766
700
153
587
703
627
