28
137
448
564
371
989
772
530
85
378
921
25
731
81
660
245
267
992
542
579
269
590
931
504
956
431
231
301
127
612
662
20
613
619
252
720
533
587
337
199
546
368
398
724
383
978
589
642
987
732
822
729
309
105
437
712
748
800
920
212
776
714
857
63
284
150
155
886
276
493
97
620
225
705
299
667
634
406
424
157
288
265
896
197
30
558
197
24
134
764
911
996
286
833
137
148
440
308
296
815
630
190
583
242
332
117
363
129
306
140
903
295
305
17
285
131
262
741
309
570
473
286
30
381
422
957
564
777
719
789
261
623
995
363
841
989
201
326
930
