26
197
25
443
303
420
343
697
128
834
202
565
53
820
606
965
966
260
401
67
308
778
50
486
474
418
379
796
748
903
495
56
361
639
321
612
748
67
531
846
380
652
204
306
487
581
349
114
48
87
970
289
976
672
165
987
106
813
597
394
506
235
909
89
696
511
22
723
470
209
621
135
353
101
555
492
7
772
126
142
326
336
387
333
74
693
378
657
715
520
838
396
904
859
855
928
830
599
722
852
210
533
396
168
881
561
655
47
799
899
557
315
938
394
466
626
513
616
157
739
70
937
267
166
520
763
627
928
753
994
922
373
24
423
191
476
497
914
910
931
116
697
477
41
300
158
543
724
941
42
433
128
108
598
144
141
737
542
202
649
499
397
793
802
249
743
280
669
435
875
152
135
695
103
920
599
791
943
51
31
694
909
658
593
383
5
437
750
818
984
590
58
511
725
253
212
170
616
753
