37
200
432
257
342
930
637
536
108
994
888
443
216
153
604
776
722
704
9
934
594
699
125
495
303
588
553
723
603
898
599
63
868
561
392
235
434
705
447
760
2
191
426
341
6
413
322
327
104
551
396
517
188
835
492
80
641
916
878
712
224
657
318
552
159
229
664
181
67
134
34
248
354
687
731
389
220
61
356
410
802
951
719
297
501
160
638
502
42
726
465
537
735
641
309
672
564
349
719
241
799
139
684
679
491
824
277
976
707
966
613
645
639
282
748
854
995
262
274
474
891
108
358
214
950
620
71
888
700
467
988
993
341
594
465
823
538
932
357
215
346
67
883
148
932
267
453
935
140
265
919
406
83
753
884
248
337
645
734
792
756
443
539
506
194
221
615
183
95
926
204
123
912
745
829
218
554
10
717
739
484
734
92
602
383
984
933
678
557
993
484
934
743
323
921
867
977
923
116
644
946
457
