42
106
544
404
719
893
461
939
395
81
40
914
304
393
893
161
723
856
228
141
673
911
430
939
88
196
295
823
799
148
663
83
434
653
232
338
364
541
740
624
562
479
710
512
946
76
235
365
779
266
853
117
164
413
816
161
217
160
710
703
457
524
993
36
536
71
800
687
765
359
97
851
399
750
317
241
681
675
7
233
284
635
464
594
775
627
360
343
30
758
845
975
741
466
867
249
663
233
474
683
230
24
326
845
524
615
334
322
